[QTH]
LOCATION=DEFCON Booth (Las Vegas)
LAT=36.12881986648643
LON=-115.15156849623858
ALT=620
